function [g1,g2,g3,h1,h2]=g1g2g3h1h2
%
g1=[1 0 -1 1 0 -1]'/2;
g2=[0 1 -1 0 1 -1]'/2;
g3=[0 0 -1 0 0  1]'/2;
h1=[-1 0 1 1 0 -1]'/2;
h2=[0 -1 1 0 1 -1]'/2;
%
end