function U=annuladep  
U=[ 1   2.271e-05   5.971e-03  -1.989e-06
    2   1.304e-05   6.023e-03  -4.963e-06
    3   1.848e-05   7.861e-03  -1.526e-05
    4   2.476e-05   7.807e-03  -1.126e-05
    5   1.375e-05   6.315e-03  -6.608e-06
    6   1.495e-05   6.644e-03  -8.396e-06
    7   1.611e-05   6.965e-03  -1.022e-05
    8   1.701e-05   7.278e-03  -1.197e-05
    9   1.773e-05   7.586e-03  -1.364e-05
   10   2.408e-05   7.531e-03  -9.759e-06
   11   2.347e-05   7.233e-03  -8.272e-06
   12   2.305e-05   6.918e-03  -6.805e-06
   13   2.291e-05   6.604e-03  -5.326e-06
   14   2.290e-05   6.277e-03  -3.737e-06
   15   1.944e-05   5.803e-03  -1.634e-06
   16   1.642e-05   5.561e-03  -6.279e-07
   17   1.388e-05   5.262e-03   8.742e-07
   18   1.211e-05   4.923e-03   2.533e-06
   19   1.127e-05   4.563e-03   3.781e-06
   20   1.125e-05   4.191e-03   3.964e-06
   21   1.154e-05   3.809e-03   2.875e-06
   22   1.160e-05   3.413e-03   1.054e-06
   23   1.129e-05   3.005e-03  -7.373e-07
   24   1.078e-05   2.592e-03  -2.049e-06
   25   1.026e-05   2.186e-03  -2.873e-06
   26   9.724e-06   1.803e-03  -3.434e-06
   27   9.017e-06   1.455e-03  -3.898e-06
   28   8.019e-06   1.151e-03  -4.262e-06
   29   6.735e-06   8.972e-04  -4.423e-06
   30   5.264e-06   6.912e-04  -4.285e-06
   31   3.754e-06   5.291e-04  -3.805e-06
   32   2.344e-06   4.055e-04  -2.997e-06
   33   1.176e-06   3.146e-04  -1.948e-06
   34   3.784e-07   2.508e-04  -8.477e-07
   35  -2.617e-08   2.071e-04   6.910e-08
   36  -1.456e-07   1.751e-04   6.465e-07
   37  -1.438e-07   1.454e-04   8.283e-07
   38  -1.903e-07   1.126e-04   6.066e-07
   39  -4.051e-07   7.812e-05   1.241e-07
   40  -7.093e-07   4.801e-05  -2.947e-07
   41  -7.943e-07   2.665e-05  -3.714e-07
   42  -4.249e-07   1.316e-05  -1.581e-07
   43   8.092e-08   5.184e-06   6.862e-09
   44   0.000e+00   0.000e+00   0.000e+00
   45   1.024e-05   5.856e-03  -4.658e-06
   46   7.751e-06   5.616e-03  -3.825e-06
   47   5.589e-06   5.316e-03  -2.535e-06
   48   3.859e-06   4.972e-03  -9.142e-07
   49   2.723e-06   4.601e-03   7.417e-07
   50   2.202e-06   4.216e-03   2.056e-06
   51   2.113e-06   3.822e-03   2.761e-06
   52   2.173e-06   3.423e-03   2.791e-06
   53   2.139e-06   3.019e-03   2.339e-06
   54   1.953e-06   2.614e-03   1.772e-06
   55   1.724e-06   2.219e-03   1.358e-06
   56   1.557e-06   1.844e-03   1.135e-06
   57   1.470e-06   1.503e-03   1.032e-06
   58   1.441e-06   1.205e-03   9.861e-07
   59   1.426e-06   9.515e-04   9.589e-07
   60   1.353e-06   7.429e-04   9.491e-07
   61   1.158e-06   5.746e-04   9.999e-07
   62   8.369e-07   4.416e-04   1.177e-06
   63   5.008e-07   3.392e-04   1.474e-06
   64   3.256e-07   2.631e-04   1.712e-06
   65   3.658e-07   2.094e-04   1.621e-06
   66   4.749e-07   1.729e-04   1.108e-06
   67   4.749e-07   1.462e-04   4.378e-07
   68   3.933e-07   1.207e-04   5.318e-08
   69   4.134e-07   9.065e-05   9.762e-08
   70   5.320e-07   5.963e-05   2.604e-07
   71   5.313e-07   3.667e-05   2.595e-07
   72   2.644e-07   2.535e-05   1.050e-07
   73  -7.494e-08   1.676e-05  -6.032e-09
   74   0.000e+00   0.000e+00   0.000e+00
   75   1.384e-05   7.538e-03  -1.475e-05
   76   9.976e-06   7.133e-03  -1.345e-05
   77   7.006e-06   6.660e-03  -1.168e-05
   78   4.914e-06   6.139e-03  -9.706e-06
   79   3.553e-06   5.589e-03  -7.709e-06
   80   2.749e-06   5.031e-03  -5.720e-06
   81   2.411e-06   4.476e-03  -3.774e-06
   82   2.483e-06   3.926e-03  -2.077e-06
   83   2.813e-06   3.377e-03  -8.657e-07
   84   3.181e-06   2.827e-03  -2.140e-07
   85   3.378e-06   2.275e-03  -6.499e-08
   86   3.275e-06   1.729e-03  -2.531e-07
   87   2.860e-06   1.201e-03  -5.687e-07
   88   2.202e-06   7.125e-04  -8.427e-07
   89   1.395e-06   2.815e-04  -9.722e-07
   90   5.536e-07  -8.081e-05  -9.154e-07
   91  -1.921e-07  -3.664e-04  -6.933e-07
   92  -7.480e-07  -5.656e-04  -3.827e-07
   93  -1.083e-06  -6.740e-04  -8.428e-08
   94  -1.231e-06  -6.952e-04   1.209e-07
   95  -1.257e-06  -6.417e-04   1.805e-07
   96  -1.222e-06  -5.341e-04   1.299e-08
   97  -1.226e-06  -3.971e-04  -3.761e-07
   98  -1.301e-06  -2.588e-04  -7.094e-07
   99  -1.319e-06  -1.438e-04  -7.441e-07
  100  -1.179e-06  -6.343e-05  -5.480e-07
  101  -9.097e-07  -1.640e-05  -3.046e-07
  102  -5.991e-07   4.563e-06  -1.252e-07
  103  -3.124e-07   7.050e-06  -3.231e-08
  104   0.000e+00   0.000e+00   0.000e+00
  105   2.042e-05   7.484e-03  -1.078e-05
  106   1.674e-05   7.079e-03  -9.543e-06
  107   1.386e-05   6.609e-03  -7.817e-06
  108   1.185e-05   6.092e-03  -5.922e-06
  109   1.072e-05   5.551e-03  -4.245e-06
  110   1.032e-05   5.004e-03  -3.182e-06
  111   1.034e-05   4.458e-03  -2.913e-06
  112   1.041e-05   3.909e-03  -3.227e-06
  113   1.036e-05   3.353e-03  -3.800e-06
  114   1.013e-05   2.789e-03  -4.498e-06
  115   9.681e-06   2.223e-03  -5.248e-06
  116   9.020e-06   1.665e-03  -5.942e-06
  117   8.196e-06   1.132e-03  -6.496e-06
  118   7.257e-06   6.417e-04  -6.861e-06
  119   6.244e-06   2.126e-04  -7.012e-06
  120   5.192e-06  -1.458e-04  -6.932e-06
  121   4.156e-06  -4.258e-04  -6.616e-06
  122   3.180e-06  -6.169e-04  -6.061e-06
  123   2.290e-06  -7.138e-04  -5.263e-06
  124   1.531e-06  -7.221e-04  -4.217e-06
  125   9.834e-07  -6.583e-04  -2.988e-06
  126   7.097e-07  -5.452e-04  -1.711e-06
  127   7.053e-07  -4.092e-04  -5.639e-07
  128   8.632e-07  -2.776e-04   2.025e-07
  129   9.794e-07  -1.698e-04   4.722e-07
  130   9.303e-07  -9.267e-05   4.077e-07
  131   7.447e-07  -4.410e-05   2.415e-07
  132   5.064e-07  -1.760e-05   1.040e-07
  133   2.724e-07  -4.930e-06   2.818e-08
  134   0.000e+00   0.000e+00   0.000e+00
  135   1.052e-05   6.138e-03  -6.256e-06
  136   7.750e-06   5.881e-03  -5.333e-06
  137   5.551e-06   5.559e-03  -4.020e-06
  138   3.979e-06   5.188e-03  -2.538e-06
  139   3.015e-06   4.784e-03  -1.110e-06
  140   2.551e-06   4.360e-03   9.503e-08
  141   2.425e-06   3.930e-03   1.021e-06
  142   2.493e-06   3.501e-03   1.668e-06
  143   2.621e-06   3.077e-03   1.961e-06
  144   2.647e-06   2.658e-03   1.866e-06
  145   2.484e-06   2.247e-03   1.543e-06
  146   2.194e-06   1.852e-03   1.209e-06
  147   1.877e-06   1.484e-03   9.706e-07
  148   1.567e-06   1.153e-03   8.289e-07
  149   1.249e-06   8.627e-04   7.653e-07
  150   9.095e-07   6.183e-04   7.792e-07
  151   5.551e-07   4.202e-04   8.789e-07
  152   2.518e-07   2.670e-04   1.043e-06
  153   8.025e-08   1.567e-04   1.191e-06
  154   6.264e-08   8.646e-05   1.210e-06
  155   1.384e-07   5.066e-05   1.034e-06
  156   2.124e-07   3.903e-05   6.769e-07
  157   2.120e-07   3.872e-05   2.481e-07
  158   1.527e-07   3.798e-05  -3.193e-08
  159   1.322e-07   3.042e-05  -7.543e-08
  160   1.774e-07   1.814e-05  -1.033e-08
  161   2.215e-07   6.353e-06   3.148e-08
  162   2.177e-07  -1.775e-06   3.088e-08
  163   1.691e-07  -3.988e-06   1.636e-08
  164   0.000e+00   0.000e+00   0.000e+00
  165   1.117e-05   6.445e-03  -7.986e-06
  166   8.108e-06   6.164e-03  -6.965e-06
  167   5.802e-06   5.815e-03  -5.588e-06
  168   4.227e-06   5.411e-03  -4.098e-06
  169   3.280e-06   4.973e-03  -2.688e-06
  170   2.792e-06   4.516e-03  -1.425e-06
  171   2.618e-06   4.056e-03  -2.778e-07
  172   2.685e-06   3.601e-03   6.981e-07
  173   2.880e-06   3.151e-03   1.309e-06
  174   3.026e-06   2.707e-03   1.485e-06
  175   2.998e-06   2.270e-03   1.345e-06
  176   2.759e-06   1.848e-03   1.054e-06
  177   2.340e-06   1.448e-03   7.534e-07
  178   1.814e-06   1.081e-03   5.370e-07
  179   1.255e-06   7.549e-04   4.435e-07
  180   7.151e-07   4.773e-04   4.748e-07
  181   2.562e-07   2.523e-04   6.061e-07
  182  -8.134e-08   8.299e-05   7.896e-07
  183  -2.780e-07  -3.011e-05   9.604e-07
  184  -3.320e-07  -9.016e-05   1.032e-06
  185  -2.752e-07  -1.049e-04   9.023e-07
  186  -1.900e-07  -8.712e-05   5.007e-07
  187  -1.897e-07  -5.237e-05  -3.046e-08
  188  -2.541e-07  -1.800e-05  -3.321e-07
  189  -2.444e-07   3.209e-06  -3.091e-07
