function [XYZ,LE]=annularplatedata 
XYZ=[
 6.00000000000000e+00 2.27373675443232e-15 0.00000000000000e+00
 6.00000000000000e+00 3.00000000000023e-02 0.00000000000000e+00
 1.00000000000000e+01 3.00000000000023e-02 0.00000000000000e+00
 1.00000000000000e+01 2.27373675443232e-15 0.00000000000000e+00
 6.66666666666667e+00 3.00000000000023e-02 0.00000000000000e+00
 7.33333333333333e+00 3.00000000000023e-02 0.00000000000000e+00
 8.00000000000000e+00 3.00000000000023e-02 0.00000000000000e+00
 8.66666666666667e+00 3.00000000000023e-02 0.00000000000000e+00
 9.33333333333333e+00 3.00000000000023e-02 0.00000000000000e+00
 9.33333333333333e+00 2.27373675443232e-15 0.00000000000000e+00
 8.66666666666667e+00 2.27373675443232e-15 0.00000000000000e+00
 8.00000000000000e+00 2.27373675443232e-15 0.00000000000000e+00
 7.33333333333333e+00 2.27373675443232e-15 0.00000000000000e+00
 6.66666666666667e+00 2.27373675443232e-15 0.00000000000000e+00
 5.86889286179063e+00 2.27373675443232e-15 -1.24743600109304e+00
 5.48130114105900e+00 2.27373675443232e-15 -2.44035608078519e+00
 4.85416351823804e+00 2.27373675443232e-15 -3.52662679315616e+00
 4.01488739965824e+00 2.27373675443232e-15 -4.45877552339939e+00
 3.00015114867776e+00 2.27373675443232e-15 -5.19606515404566e+00
 1.85430115393104e+00 2.27373675443232e-15 -5.70627437392647e+00
 6.27413786627583e-01 2.27373675443232e-15 -5.96710582613964e+00
 -6.26893056021825e-01 2.27373675443232e-15 -5.96716055560026e+00
 -1.85380318049178e+00 2.27373675443232e-15 -5.70643617050068e+00
 -2.99969769502917e+00 2.27373675443232e-15 -5.19632694683818e+00
 -4.01449828280372e+00 2.27373675443232e-15 -4.45912587144228e+00
 -4.85385574351000e+00 2.27373675443232e-15 -3.52705038540633e+00
 -5.48108815894537e+00 2.27373675443232e-15 -2.44083440525342e+00
 -5.86878398011654e+00 2.27373675443232e-15 -1.24794815386193e+00
 -5.99999997715369e+00 2.27373675443232e-15 -5.23598774932577e-04
 -5.86900169877053e+00 2.27373675443232e-15 1.24692383882438e+00
 -5.48151408143013e+00 2.27373675443232e-15 2.43987773773259e+00
 -4.85447125599951e+00 2.27373675443232e-15 3.52620317404917e+00
 -4.01527648593764e+00 2.27373675443232e-15 4.45842514140096e+00
 -3.00060457947888e+00 2.27373675443232e-15 5.19580332168282e+00
 -1.85479911324899e+00 2.27373675443232e-15 5.70611253389649e+00
 -6.27934512455310e-01 2.27373675443232e-15 5.96705105123690e+00
 6.26372320642004e-01 2.27373675443232e-15 5.96721523961835e+00
 1.85330519293501e+00 2.27373675443232e-15 5.70659792361789e+00
 2.99924421853658e+00 2.27373675443232e-15 5.19658870005841e+00
 4.01410913537705e+00 2.27373675443232e-15 4.45947618552699e+00
 4.85354793181773e+00 2.27373675443232e-15 3.52747395079648e+00
 5.48087513509086e+00 2.27373675443232e-15 2.44131271113363e+00
 5.86867505374911e+00 2.27373675443232e-15 1.24846029712715e+00
 5.99999990861476e+00 2.27373675443232e-15 1.04719754587701e-03
 5.86889286179063e+00 3.00000000000023e-02 -1.24743600109304e+00
 5.48130114105900e+00 3.00000000000023e-02 -2.44035608078519e+00
 4.85416351823804e+00 3.00000000000023e-02 -3.52662679315616e+00
 4.01488739965824e+00 3.00000000000023e-02 -4.45877552339939e+00
 3.00015114867776e+00 3.00000000000023e-02 -5.19606515404566e+00
 1.85430115393104e+00 3.00000000000023e-02 -5.70627437392647e+00
 6.27413786627583e-01 3.00000000000023e-02 -5.96710582613964e+00
 -6.26893056021825e-01 3.00000000000023e-02 -5.96716055560026e+00
 -1.85380318049178e+00 3.00000000000023e-02 -5.70643617050068e+00
 -2.99969769502917e+00 3.00000000000023e-02 -5.19632694683818e+00
 -4.01449828280372e+00 3.00000000000023e-02 -4.45912587144228e+00
 -4.85385574351000e+00 3.00000000000023e-02 -3.52705038540633e+00
 -5.48108815894537e+00 3.00000000000023e-02 -2.44083440525342e+00
 -5.86878398011654e+00 3.00000000000023e-02 -1.24794815386193e+00
 -5.99999997715369e+00 3.00000000000023e-02 -5.23598774932577e-04
 -5.86900169877053e+00 3.00000000000023e-02 1.24692383882438e+00
 -5.48151408143013e+00 3.00000000000023e-02 2.43987773773259e+00
 -4.85447125599951e+00 3.00000000000023e-02 3.52620317404917e+00
 -4.01527648593764e+00 3.00000000000023e-02 4.45842514140096e+00
 -3.00060457947888e+00 3.00000000000023e-02 5.19580332168282e+00
 -1.85479911324899e+00 3.00000000000023e-02 5.70611253389649e+00
 -6.27934512455310e-01 3.00000000000023e-02 5.96705105123690e+00
 6.26372320642004e-01 3.00000000000023e-02 5.96721523961835e+00
 1.85330519293501e+00 3.00000000000023e-02 5.70659792361789e+00
 2.99924421853658e+00 3.00000000000023e-02 5.19658870005841e+00
 4.01410913537705e+00 3.00000000000023e-02 4.45947618552699e+00
 4.85354793181773e+00 3.00000000000023e-02 3.52747395079648e+00
 5.48087513509086e+00 3.00000000000023e-02 2.44131271113363e+00
 5.86867505374911e+00 3.00000000000023e-02 1.24846029712715e+00
 5.99999990861476e+00 3.00000000000023e-02 1.04719754587701e-03
 9.78148810298438e+00 3.00000000000023e-02 -2.07906000182173e+00
 9.13550190176500e+00 3.00000000000023e-02 -4.06726013464199e+00
 8.09027253039674e+00 3.00000000000023e-02 -5.87771132192693e+00
 6.69147899943040e+00 3.00000000000023e-02 -7.43129253899898e+00
 5.00025191446293e+00 3.00000000000023e-02 -8.66010859007610e+00
 3.09050192321840e+00 3.00000000000023e-02 -9.51045728987746e+00
 1.04568964437930e+00 3.00000000000023e-02 -9.94517637689940e+00
 -1.04482176003638e+00 3.00000000000023e-02 -9.94526759266710e+00
 -3.08967196748631e+00 3.00000000000023e-02 -9.51072695083447e+00
 -4.99949615838196e+00 3.00000000000023e-02 -8.66054491139697e+00
 -6.69083047133954e+00 3.00000000000023e-02 -7.43187645240381e+00
 -8.08975957251667e+00 3.00000000000023e-02 -5.87841730901056e+00
 -9.13514693157562e+00 3.00000000000023e-02 -4.06805734208904e+00
 -9.78130663352757e+00 3.00000000000023e-02 -2.07991358976988e+00
 -9.99999996192282e+00 3.00000000000023e-02 -8.72664624886443e-04
 -9.78166949795089e+00 3.00000000000023e-02 2.07820639804063e+00
 -9.13585680238356e+00 3.00000000000023e-02 4.06646289622098e+00
 -8.09078542666585e+00 3.00000000000023e-02 5.87700529008196e+00
 -6.69212747656273e+00 3.00000000000023e-02 7.43070856900161e+00
 -5.00100763246480e+00 3.00000000000023e-02 8.65967220280471e+00
 -3.09133185541498e+00 3.00000000000023e-02 9.51018755649416e+00
 -1.04655752075885e+00 3.00000000000023e-02 9.94508508539484e+00
 1.04395386773667e+00 3.00000000000023e-02 9.94535873269725e+00
 3.08884198822501e+00 3.00000000000023e-02 9.51099653936316e+00
 4.99874036422764e+00 3.00000000000023e-02 8.66098116676402e+00
 6.69018189229509e+00 3.00000000000023e-02 7.43246030921166e+00
 8.08924655302955e+00 3.00000000000023e-02 5.87912325132748e+00
 9.13479189181810e+00 3.00000000000023e-02 4.06885451855605e+00
 9.78112508958185e+00 3.00000000000023e-02 2.08076716187858e+00
 9.99999984769128e+00 3.00000000000023e-02 1.74532924313020e-03
 9.78148810298438e+00 2.27373675443232e-15 -2.07906000182173e+00
 9.13550190176500e+00 2.27373675443232e-15 -4.06726013464199e+00
 8.09027253039674e+00 2.27373675443232e-15 -5.87771132192693e+00
 6.69147899943040e+00 2.27373675443232e-15 -7.43129253899898e+00
 5.00025191446293e+00 2.27373675443232e-15 -8.66010859007610e+00
 3.09050192321840e+00 2.27373675443232e-15 -9.51045728987746e+00
 1.04568964437930e+00 2.27373675443232e-15 -9.94517637689940e+00
 -1.04482176003638e+00 2.27373675443232e-15 -9.94526759266710e+00
 -3.08967196748631e+00 2.27373675443232e-15 -9.51072695083447e+00
 -4.99949615838196e+00 2.27373675443232e-15 -8.66054491139697e+00
 -6.69083047133954e+00 2.27373675443232e-15 -7.43187645240381e+00
 -8.08975957251667e+00 2.27373675443232e-15 -5.87841730901056e+00
 -9.13514693157562e+00 2.27373675443232e-15 -4.06805734208904e+00
 -9.78130663352757e+00 2.27373675443232e-15 -2.07991358976988e+00
 -9.99999996192282e+00 2.27373675443232e-15 -8.72664624886443e-04
 -9.78166949795089e+00 2.27373675443232e-15 2.07820639804063e+00
 -9.13585680238356e+00 2.27373675443232e-15 4.06646289622098e+00
 -8.09078542666585e+00 2.27373675443232e-15 5.87700529008196e+00
