function [Node,connect3D,g1,g2,g3]=Cylindre_Salome


Node=[
1 4.90600000000000e+00 0.00000000000000e+00 0.00000000000000e+00
2 5.00000000000000e+00 0.00000000000000e+00 0.00000000000000e+00
3 5.00000000000000e+00 0.00000000000000e+00 5.17500000000000e+00
4 4.90600000000000e+00 0.00000000000000e+00 5.17500000000000e+00
5 5.00000000000000e+00 0.00000000000000e+00 6.46875000000000e-01
6 5.00000000000000e+00 0.00000000000000e+00 1.29375000000000e+00
7 5.00000000000000e+00 0.00000000000000e+00 1.94062500000000e+00
8 5.00000000000000e+00 0.00000000000000e+00 2.58750000000000e+00
9 5.00000000000000e+00 0.00000000000000e+00 3.23437500000000e+00
10 5.00000000000000e+00 0.00000000000000e+00 3.88125000000000e+00
11 5.00000000000000e+00 0.00000000000000e+00 4.52812500000000e+00
12 4.90600000000000e+00 0.00000000000000e+00 4.52812500000000e+00
13 4.90600000000000e+00 0.00000000000000e+00 3.88125000000000e+00
14 4.90600000000000e+00 0.00000000000000e+00 3.23437500000000e+00
15 4.90600000000000e+00 0.00000000000000e+00 2.58750000000000e+00
16 4.90600000000000e+00 0.00000000000000e+00 1.94062500000000e+00
17 4.90600000000000e+00 0.00000000000000e+00 1.29375000000000e+00
18 4.90600000000000e+00 0.00000000000000e+00 6.46875000000000e-01
19 4.86402848989991e+00 6.40361499031573e-01 0.00000000000000e+00
20 4.73883210377417e+00 1.26976623527297e+00 0.00000000000000e+00
21 4.53255298650037e+00 1.87744491918313e+00 0.00000000000000e+00
22 4.24872063096646e+00 2.45300000000000e+00 0.00000000000000e+00
23 3.89219148746880e+00 2.98658357071678e+00 0.00000000000000e+00
24 3.46906586850120e+00 3.46906586850120e+00 0.00000000000000e+00
25 2.98658357071678e+00 3.89219148746880e+00 0.00000000000000e+00
26 2.45300000000000e+00 4.24872063096646e+00 0.00000000000000e+00
27 1.87744491918313e+00 4.53255298650037e+00 0.00000000000000e+00
28 1.26976623527297e+00 4.73883210377417e+00 0.00000000000000e+00
29 6.40361499031573e-01 4.86402848989991e+00 0.00000000000000e+00
30 2.22044604925031e-16 4.90600000000000e+00 0.00000000000000e+00
31 4.95722430686905e+00 6.52630961100258e-01 0.00000000000000e+00
32 4.82962913144534e+00 1.29409522551260e+00 0.00000000000000e+00
33 4.61939766255643e+00 1.91341716182545e+00 0.00000000000000e+00
34 4.33012701892219e+00 2.50000000000000e+00 0.00000000000000e+00
35 3.96676670145618e+00 3.04380714504360e+00 0.00000000000000e+00
36 3.53553390593274e+00 3.53553390593274e+00 0.00000000000000e+00
37 3.04380714504360e+00 3.96676670145617e+00 0.00000000000000e+00
38 2.50000000000000e+00 4.33012701892219e+00 0.00000000000000e+00
39 1.91341716182545e+00 4.61939766255643e+00 0.00000000000000e+00
40 1.29409522551260e+00 4.82962913144534e+00 0.00000000000000e+00
41 6.52630961100259e-01 4.95722430686905e+00 0.00000000000000e+00
42 7.77156117237610e-16 5.00000000000000e+00 0.00000000000000e+00
43 4.95722430686905e+00 6.52630961100258e-01 6.46875000000000e-01
44 4.82962913144534e+00 1.29409522551260e+00 6.46875000000000e-01
45 4.61939766255643e+00 1.91341716182545e+00 6.46875000000000e-01
46 4.33012701892219e+00 2.50000000000000e+00 6.46875000000000e-01
47 3.96676670145618e+00 3.04380714504360e+00 6.46875000000000e-01
48 3.53553390593274e+00 3.53553390593274e+00 6.46875000000000e-01
49 3.04380714504360e+00 3.96676670145617e+00 6.46875000000000e-01
50 2.50000000000000e+00 4.33012701892219e+00 6.46875000000000e-01
51 1.91341716182545e+00 4.61939766255643e+00 6.46875000000000e-01
52 1.29409522551260e+00 4.82962913144534e+00 6.46875000000000e-01
53 6.52630961100259e-01 4.95722430686905e+00 6.46875000000000e-01
54 7.77156117237610e-16 5.00000000000000e+00 6.46875000000000e-01
55 4.95722430686905e+00 6.52630961100258e-01 1.29375000000000e+00
56 4.82962913144534e+00 1.29409522551260e+00 1.29375000000000e+00
57 4.61939766255643e+00 1.91341716182545e+00 1.29375000000000e+00
58 4.33012701892219e+00 2.50000000000000e+00 1.29375000000000e+00
59 3.96676670145618e+00 3.04380714504360e+00 1.29375000000000e+00
60 3.53553390593274e+00 3.53553390593274e+00 1.29375000000000e+00
61 3.04380714504360e+00 3.96676670145617e+00 1.29375000000000e+00
62 2.50000000000000e+00 4.33012701892219e+00 1.29375000000000e+00
63 1.91341716182545e+00 4.61939766255643e+00 1.29375000000000e+00
64 1.29409522551260e+00 4.82962913144534e+00 1.29375000000000e+00
65 6.52630961100259e-01 4.95722430686905e+00 1.29375000000000e+00
66 7.77156117237610e-16 5.00000000000000e+00 1.29375000000000e+00
67 4.95722430686905e+00 6.52630961100258e-01 1.94062500000000e+00
68 4.82962913144534e+00 1.29409522551260e+00 1.94062500000000e+00
69 4.61939766255643e+00 1.91341716182545e+00 1.94062500000000e+00
70 4.33012701892219e+00 2.50000000000000e+00 1.94062500000000e+00
71 3.96676670145618e+00 3.04380714504360e+00 1.94062500000000e+00
72 3.53553390593274e+00 3.53553390593274e+00 1.94062500000000e+00
73 3.04380714504360e+00 3.96676670145617e+00 1.94062500000000e+00
74 2.50000000000000e+00 4.33012701892219e+00 1.94062500000000e+00
75 1.91341716182545e+00 4.61939766255643e+00 1.94062500000000e+00
76 1.29409522551260e+00 4.82962913144534e+00 1.94062500000000e+00
77 6.52630961100259e-01 4.95722430686905e+00 1.94062500000000e+00
78 7.77156117237610e-16 5.00000000000000e+00 1.94062500000000e+00
79 4.95722430686905e+00 6.52630961100258e-01 2.58750000000000e+00
80 4.82962913144534e+00 1.29409522551260e+00 2.58750000000000e+00
81 4.61939766255643e+00 1.91341716182545e+00 2.58750000000000e+00
82 4.33012701892219e+00 2.50000000000000e+00 2.58750000000000e+00
83 3.96676670145618e+00 3.04380714504360e+00 2.58750000000000e+00
84 3.53553390593274e+00 3.53553390593274e+00 2.58750000000000e+00
85 3.04380714504360e+00 3.96676670145617e+00 2.58750000000000e+00
86 2.50000000000000e+00 4.33012701892219e+00 2.58750000000000e+00
87 1.91341716182545e+00 4.61939766255643e+00 2.58750000000000e+00
88 1.29409522551260e+00 4.82962913144534e+00 2.58750000000000e+00
89 6.52630961100259e-01 4.95722430686905e+00 2.58750000000000e+00
90 7.77156117237610e-16 5.00000000000000e+00 2.58750000000000e+00
91 4.95722430686905e+00 6.52630961100258e-01 3.23437500000000e+00
92 4.82962913144534e+00 1.29409522551260e+00 3.23437500000000e+00
93 4.61939766255643e+00 1.91341716182545e+00 3.23437500000000e+00
94 4.33012701892219e+00 2.50000000000000e+00 3.23437500000000e+00
95 3.96676670145618e+00 3.04380714504360e+00 3.23437500000000e+00
96 3.53553390593274e+00 3.53553390593274e+00 3.23437500000000e+00
97 3.04380714504360e+00 3.96676670145617e+00 3.23437500000000e+00
98 2.50000000000000e+00 4.33012701892219e+00 3.23437500000000e+00
99 1.91341716182545e+00 4.61939766255643e+00 3.23437500000000e+00
100 1.29409522551260e+00 4.82962913144534e+00 3.23437500000000e+00
101 6.52630961100259e-01 4.95722430686905e+00 3.23437500000000e+00
102 7.77156117237610e-16 5.00000000000000e+00 3.23437500000000e+00
103 4.95722430686905e+00 6.52630961100258e-01 3.88125000000000e+00
104 4.82962913144534e+00 1.29409522551260e+00 3.88125000000000e+00
105 4.61939766255643e+00 1.91341716182545e+00 3.88125000000000e+00
106 4.33012701892219e+00 2.50000000000000e+00 3.88125000000000e+00
107 3.96676670145618e+00 3.04380714504360e+00 3.88125000000000e+00
108 3.53553390593274e+00 3.53553390593274e+00 3.88125000000000e+00
109 3.04380714504360e+00 3.96676670145617e+00 3.88125000000000e+00
110 2.50000000000000e+00 4.33012701892219e+00 3.88125000000000e+00
111 1.91341716182545e+00 4.61939766255643e+00 3.88125000000000e+00
112 1.29409522551260e+00 4.82962913144534e+00 3.88125000000000e+00
113 6.52630961100259e-01 4.95722430686905e+00 3.88125000000000e+00
114 7.77156117237610e-16 5.00000000000000e+00 3.88125000000000e+00
115 4.95722430686905e+00 6.52630961100258e-01 4.52812500000000e+00
116 4.82962913144534e+00 1.29409522551260e+00 4.52812500000000e+00
117 4.61939766255643e+00 1.91341716182545e+00 4.52812500000000e+00
118 4.33012701892219e+00 2.50000000000000e+00 4.52812500000000e+00
119 3.96676670145618e+00 3.04380714504360e+00 4.52812500000000e+00
120 3.53553390593274e+00 3.53553390593274e+00 4.52812500000000e+00
