function Udis=flechepoutredis

Udis=[
   17  -1.342e-01  -8.044e-04   1.558e+00
   17  -5.015e-01  -2.765e-03   2.921e+00
   17  -9.842e-01  -4.980e-03   4.010e+00
   17  -1.491e+00  -6.862e-03   4.848e+00
   17  -1.974e+00  -8.210e-03   5.489e+00
   17  -2.415e+00  -9.032e-03   5.985e+00
   17  -2.811e+00  -9.409e-03   6.374e+00
   17  -3.164e+00  -9.430e-03   6.686e+00
   17  -3.479e+00  -9.172e-03   6.940e+00
   17  -3.761e+00  -8.700e-03   7.150e+00];

Uv0=[
   17  -1.353e-01  -1.970e-10   1.560e+00
   17  -5.039e-01  -6.679e-10   2.920e+00
   17  -9.857e-01  -1.229e-09   4.003e+00
   17  -1.489e+00  -1.709e-09   4.833e+00
   17  -1.967e+00  -1.684e-09   5.466e+00
   17  -2.402e+00  -2.202e-09   5.954e+00
   17  -2.793e+00   5.517e-09   6.338e+00
   17  -3.141e+00  -2.552e-09   6.644e+00
   17  -3.451e+00   2.504e-09   6.894e+00
   17  -3.728e+00  -2.332e-09   7.101e+00];

Uv03=[
17  -1.339e-01   7.872e-06   1.551e+00
17  -4.995e-01   1.488e-05   2.906e+00
17  -9.783e-01   2.048e-05   3.986e+00
17  -1.479e+00   2.472e-05   4.814e+00
17  -1.956e+00   2.785e-05   5.447e+00
17  -2.391e+00   3.014e-05   5.936e+00
17  -2.780e+00   3.180e-05   6.320e+00
17  -3.128e+00   3.301e-05   6.627e+00
17  -3.438e+00   3.387e-05   6.878e+00
17  -3.715e+00   3.448e-05   7.085e+00];

Uv049=[
17  -1.319e-01   1.203e-05   1.538e+00
17  -4.930e-01   2.277e-05   2.884e+00
17  -9.674e-01   3.141e-05   3.959e+00
17  -1.465e+00   3.797e-05   4.787e+00
17  -1.939e+00   4.284e-05   5.420e+00
17  -2.373e+00   4.642e-05   5.909e+00
17  -2.762e+00   4.904e-05   6.294e+00
17  -3.110e+00   5.096e-05   6.602e+00
17  -3.420e+00   5.235e-05   6.853e+00
17  -3.697e+00   5.336e-05   7.061e+00];

Uv0499=[
17  -1.318e-01   1.221e-05   1.537e+00
17  -4.923e-01   2.312e-05   2.882e+00
17  -9.658e-01   3.190e-05   3.956e+00
17  -1.462e+00   3.857e-05   4.782e+00
17  -1.935e+00   4.354e-05   5.414e+00
17  -2.367e+00   4.719e-05   5.902e+00
17  -2.755e+00   4.987e-05   6.287e+00
17  -3.102e+00   5.184e-05   6.594e+00
17  -3.411e+00   5.328e-05   6.845e+00
17  -3.687e+00   5.432e-05   7.053e+00];

Uv04999=[
17  -1.315e-01   1.223e-05   1.536e+00
17  -4.894e-01   2.317e-05   2.873e+00
17  -9.560e-01   3.200e-05   3.936e+00
17  -1.442e+00   3.877e-05   4.750e+00
17  -1.904e+00   4.385e-05   5.372e+00
17  -2.325e+00   4.766e-05   5.853e+00
17  -2.702e+00   5.050e-05   6.230e+00
17  -3.038e+00   5.262e-05   6.533e+00
17  -3.339e+00   5.421e-05   6.780e+00
17  -3.607e+00   5.540e-05   6.984e+00];
end