function [N,C,Cx,Cy]=hemisphere   

N=[10.0200         0   -0.0000
    9.9800         0   -0.0000
    3.0840         0    9.4915
    3.0964         0    9.5296
    9.9492         0    0.7830
    9.8571         0    1.5612
    9.7043         0    2.3298
    9.4915         0    3.0840
    9.2203         0    3.8192
    8.8922         0    4.5308
    8.5093         0    5.2145
    8.0740         0    5.8661
    7.5889         0    6.4815
    7.0569         0    7.0569
    6.4815         0    7.5889
    5.8661         0    8.0740
    5.2145         0    8.5093
    4.5308         0    8.8922
    3.8192         0    9.2203
    9.9891         0    0.7862
    9.8966         0    1.5675
    9.7431         0    2.3391
    9.5296         0    3.0964
    9.2573         0    3.8345
    8.9279         0    4.5490
    8.5435         0    5.2354
    8.1064         0    5.8896
    7.6193         0    6.5075
    7.0852         0    7.0852
    6.5075         0    7.6193
    5.8896         0    8.1064
    5.2354         0    8.5435
    4.5490         0    8.9279
    3.8345         0    9.2573
    9.9718    0.9821   -0.0000
    9.8275    1.9548   -0.0000
    9.5885    2.9087   -0.0000
    9.2573    3.8345   -0.0000
    8.8369    4.7234   -0.0000
    8.3313    5.5668   -0.0000
    7.7456    6.3566   -0.0000
    7.0852    7.0852   -0.0000
    6.3566    7.7456   -0.0000
    5.5668    8.3313   -0.0000
    4.7234    8.8369   -0.0000
    3.8345    9.2573   -0.0000
    2.9087    9.5885   -0.0000
    1.9548    9.8275   -0.0000
    0.9821    9.9718   -0.0000
    0.0000   10.0200   -0.0000
    9.9319    0.9782   -0.0000
    9.7882    1.9470   -0.0000
    9.5503    2.8970   -0.0000
    9.2203    3.8192   -0.0000
    8.8016    4.7045   -0.0000
    8.2981    5.5446   -0.0000
    7.7146    6.3312   -0.0000
    7.0569    7.0569   -0.0000
    6.3312    7.7146   -0.0000
    5.5446    8.2981   -0.0000
    4.7045    8.8016   -0.0000
    3.8192    9.2203   -0.0000
    2.8970    9.5503   -0.0000
    1.9470    9.7882   -0.0000
    0.9782    9.9319   -0.0000
   -0.0000    9.9800   -0.0000
    9.9013    0.9752    0.7830
    9.7581    1.9410    0.7830
    9.5208    2.8881    0.7830
    9.1919    3.8074    0.7830
    8.7744    4.6900    0.7830
    8.2725    5.5275    0.7830
    7.6909    6.3117    0.7830
    7.0352    7.0352    0.7830
    6.3117    7.6909    0.7830
    5.5275    8.2725    0.7830
    4.6900    8.7744    0.7830
    3.8074    9.1919    0.7830
    2.8881    9.5208    0.7830
    1.9410    9.7581    0.7830
    0.9752    9.9013    0.7830
    0.0000    9.9492    0.7830
    9.8097    0.9662    1.5612
    9.6677    1.9230    1.5612
    9.4327    2.8614    1.5612
    9.1068    3.7722    1.5612
    8.6932    4.6466    1.5612
    8.1959    5.4763    1.5612
    7.6197    6.2533    1.5612
    6.9700    6.9700    1.5612
    6.2533    7.6197    1.5612
    5.4763    8.1959    1.5612
    4.6466    8.6932    1.5612
    3.7722    9.1068    1.5612
    2.8614    9.4327    1.5612
    1.9230    9.6677    1.5612
    0.9662    9.8097    1.5612
   -0.0000    9.8571    1.5612
    9.6575    0.9512    2.3298
    9.5178    1.8932    2.3298
    9.2864    2.8170    2.3298
    8.9656    3.7137    2.3298
    8.5584    4.5746    2.3298
    8.0688    5.3914    2.3298
    7.5015    6.1563    2.3298
    6.8619    6.8619    2.3298
    6.1563    7.5015    2.3298
    5.3914    8.0688    2.3298
    4.5746    8.5584    2.3298
    3.7137    8.9656    2.3298
    2.8170    9.2864    2.3298
    1.8932    9.5178    2.3298
    0.9512    9.6575    2.3298
    0.0000    9.7043    2.3298
    9.4458    0.9303    3.0840
    9.3092    1.8517    3.0840
    9.0828    2.7552    3.0840
    8.7690    3.6323    3.0840
    8.3708    4.4743    3.0840
    7.8919    5.2732    3.0840
    7.3371    6.0214    3.0840
    6.7115    6.7115    3.0840
    6.0214    7.3371    3.0840
    5.2732    7.8919    3.0840
    4.4743    8.3708    3.0840
    3.6323    8.7690    3.0840
    2.7552    9.0828    3.0840
    1.8517    9.3092    3.0840
    0.9303    9.4458    3.0840
    0.0000    9.4915    3.0840
    9.1759    0.9037    3.8192
    9.0432    1.7988    3.8192
    8.8233    2.6765    3.8192
    8.5185    3.5285    3.8192
    8.1316    4.3464    3.8192
    7.6664    5.1225    3.8192
    7.1274    5.8493    3.8192
    6.5197    6.5197    3.8192
    5.8493    7.1274    3.8192
    5.1225    7.6664    3.8192
    4.3464    8.1316    3.8192
    3.5285    8.5185    3.8192
    2.6765    8.8233    3.8192
    1.7988    9.0432    3.8192
    0.9037    9.1759    3.8192
   -0.0000    9.2203    3.8192
    8.8494    0.8716    4.5308
    8.7214    1.7348    4.5308
    8.5093    2.5813    4.5308
    8.2154    3.4029    4.5308
    7.8423    4.1918    4.5308
    7.3936    4.9403    4.5308
    6.8738    5.6412    4.5308
    6.2878    6.2878    4.5308
    5.6412    6.8738    4.5308
    4.9403    7.3936    4.5308
    4.1918    7.8423    4.5308
    3.4029    8.2154    4.5308
    2.5813    8.5093    4.5308
    1.7348    8.7214    4.5308
    0.8716    8.8494    4.5308
    0.0000    8.8922    4.5308
    8.4684    0.8341    5.2145
    8.3458    1.6601    5.2145
    8.1429    2.4701    5.2145
    7.8616    3.2564    5.2145
    7.5046    4.0113    5.2145
    7.0753    4.7275    5.2145
    6.5778    5.3983    5.2145
    6.0170    6.0170    5.2145
    5.3983    6.5778    5.2145
    4.7275    7.0753    5.2145
    4.0113    7.5046    5.2145
    3.2564    7.8616    5.2145
    2.4701    8.1429    5.2145
    1.6601    8.3458    5.2145
    0.8341    8.4684    5.2145
    0.0000    8.5093    5.2145
    8.0351    0.7914    5.8661
    7.9189    1.5752    5.8661
    7.7263    2.3438    5.8661
    7.4594    3.0898    5.8661
    7.1206    3.8061    5.8661
    6.7133    4.4857    5.8661
    6.2413    5.1221    5.8661
    5.7092    5.7092    5.8661
    5.1221    6.2413    5.8661
    4.4857    6.7133    5.8661
    3.8061    7.1206    5.8661
    3.0898    7.4594    5.8661
    2.3438    7.7263    5.8661
    1.5752    7.9189    5.8661
    0.7914    8.0351    5.8661
   -0.0000    8.0740    5.8661
    7.5523    0.7438    6.4815
    7.4430    1.4805    6.4815
    7.2621    2.2029    6.4815
    7.0112    2.9041    6.4815
    6.6928    3.5774    6.4815
    6.3099    4.2161    6.4815
    5.8663    4.8143    6.4815
    5.3661    5.3661    6.4815
    4.8143    5.8663    6.4815
    4.2161    6.3099    6.4815
    3.5774    6.6928    6.4815
    2.9041    7.0112    6.4815
    2.2029    7.2621    6.4815
    1.4805    7.4430    6.4815
    0.7438    7.5523    6.4815
         0    7.5889    6.4815
    7.0229    0.6917    7.0569
    6.9213    1.3767    7.0569
    6.7531    2.0485    7.0569
    6.5197    2.7006    7.0569
    6.2237    3.3266    7.0569
    5.8676    3.9206    7.0569
    5.4551    4.4769    7.0569
    4.9900    4.9900    7.0569
    4.4769    5.4551    7.0569
    3.9206    5.8676    7.0569
    3.3266    6.2237    7.0569
    2.7006    6.5197    7.0569
    2.0485    6.7531    7.0569
    1.3767    6.9213    7.0569
    0.6917    7.0229    7.0569
    0.0000    7.0569    7.0569
    6.4503    0.6353    7.5889
    6.3570    1.2645    7.5889
    6.2024    1.8815    7.5889
    5.9881    2.4804    7.5889
    5.7162    3.0554    7.5889
    5.3892    3.6009    7.5889
    5.0103    4.1118    7.5889
    4.5831    4.5831    7.5889
    4.1118    5.0103    7.5889
    3.6009    5.3892    7.5889
    3.0554    5.7162    7.5889
    2.4804    5.9881    7.5889
    1.8815    6.2024    7.5889
    1.2645    6.3570    7.5889
    0.6353    6.4503    7.5889
   -0.0000    6.4815    7.5889
    5.8378    0.5750    8.0740
    5.7534    1.1444    8.0740
    5.6135    1.7028    8.0740
    5.4196    2.2449    8.0740
    5.1734    2.7653    8.0740
    4.8775    3.2590    8.0740
