function [XYZ,C,Cx,Cy,Cz]=meshCylind1624

N=[1 4.90600000000000e+00 0.00000000000000e+00 0.00000000000000e+00
2 5.00000000000000e+00 0.00000000000000e+00 0.00000000000000e+00
3 5.00000000000000e+00 0.00000000000000e+00 5.17500000000000e+00
4 4.90600000000000e+00 0.00000000000000e+00 5.17500000000000e+00
5 5.00000000000000e+00 0.00000000000000e+00 3.23437500000000e-01
6 5.00000000000000e+00 0.00000000000000e+00 6.46875000000000e-01
7 5.00000000000000e+00 0.00000000000000e+00 9.70312500000000e-01
8 5.00000000000000e+00 0.00000000000000e+00 1.29375000000000e+00
9 5.00000000000000e+00 0.00000000000000e+00 1.61718750000000e+00
10 5.00000000000000e+00 0.00000000000000e+00 1.94062500000000e+00
11 5.00000000000000e+00 0.00000000000000e+00 2.26406250000000e+00
12 5.00000000000000e+00 0.00000000000000e+00 2.58750000000000e+00
13 5.00000000000000e+00 0.00000000000000e+00 2.91093750000000e+00
14 5.00000000000000e+00 0.00000000000000e+00 3.23437500000000e+00
15 5.00000000000000e+00 0.00000000000000e+00 3.55781250000000e+00
16 5.00000000000000e+00 0.00000000000000e+00 3.88125000000000e+00
17 5.00000000000000e+00 0.00000000000000e+00 4.20468750000000e+00
18 5.00000000000000e+00 0.00000000000000e+00 4.52812500000000e+00
19 5.00000000000000e+00 0.00000000000000e+00 4.85156250000000e+00
20 4.90600000000000e+00 0.00000000000000e+00 4.85156250000000e+00
21 4.90600000000000e+00 0.00000000000000e+00 4.52812500000000e+00
22 4.90600000000000e+00 0.00000000000000e+00 4.20468750000000e+00
23 4.90600000000000e+00 0.00000000000000e+00 3.88125000000000e+00
24 4.90600000000000e+00 0.00000000000000e+00 3.55781250000000e+00
25 4.90600000000000e+00 0.00000000000000e+00 3.23437500000000e+00
26 4.90600000000000e+00 0.00000000000000e+00 2.91093750000000e+00
27 4.90600000000000e+00 0.00000000000000e+00 2.58750000000000e+00
28 4.90600000000000e+00 0.00000000000000e+00 2.26406250000000e+00
29 4.90600000000000e+00 0.00000000000000e+00 1.94062500000000e+00
30 4.90600000000000e+00 0.00000000000000e+00 1.61718750000000e+00
31 4.90600000000000e+00 0.00000000000000e+00 1.29375000000000e+00
32 4.90600000000000e+00 0.00000000000000e+00 9.70312500000000e-01
33 4.90600000000000e+00 0.00000000000000e+00 6.46875000000001e-01
34 4.90600000000000e+00 0.00000000000000e+00 3.23437500000001e-01
35 4.98929461619302e+00 3.27015646150715e-01 0.00000000000000e+00
36 4.95722430686905e+00 6.52630961100258e-01 0.00000000000000e+00
37 4.90392640201615e+00 9.75451610080641e-01 0.00000000000000e+00
38 4.82962913144534e+00 1.29409522551260e+00 0.00000000000000e+00
39 4.73465064747553e+00 1.60719732651581e+00 0.00000000000000e+00
40 4.61939766255643e+00 1.91341716182545e+00 0.00000000000000e+00
41 4.48436370766344e+00 2.21144345109501e+00 0.00000000000000e+00
42 4.33012701892219e+00 2.50000000000000e+00 0.00000000000000e+00
43 4.15734806151273e+00 2.77785116509801e+00 0.00000000000000e+00
44 3.96676670145618e+00 3.04380714504360e+00 0.00000000000000e+00
45 3.75919903739489e+00 3.29672907550034e+00 0.00000000000000e+00
46 3.53553390593274e+00 3.53553390593274e+00 0.00000000000000e+00
47 3.29672907550034e+00 3.75919903739489e+00 0.00000000000000e+00
48 3.04380714504360e+00 3.96676670145617e+00 0.00000000000000e+00
49 2.77785116509801e+00 4.15734806151272e+00 0.00000000000000e+00
50 2.50000000000000e+00 4.33012701892219e+00 0.00000000000000e+00
51 2.21144345109501e+00 4.48436370766344e+00 0.00000000000000e+00
52 1.91341716182545e+00 4.61939766255643e+00 0.00000000000000e+00
53 1.60719732651581e+00 4.73465064747553e+00 0.00000000000000e+00
54 1.29409522551260e+00 4.82962913144534e+00 0.00000000000000e+00
55 9.75451610080641e-01 4.90392640201615e+00 0.00000000000000e+00
56 6.52630961100258e-01 4.95722430686905e+00 0.00000000000000e+00
57 3.27015646150715e-01 4.98929461619302e+00 0.00000000000000e+00
58 1.11022302462516e-16 5.00000000000000e+00 0.00000000000000e+00
59 4.98929461619302e+00 3.27015646150715e-01 3.23437500000000e-01
60 4.95722430686905e+00 6.52630961100258e-01 3.23437500000000e-01
61 4.90392640201615e+00 9.75451610080641e-01 3.23437500000000e-01
62 4.82962913144534e+00 1.29409522551260e+00 3.23437500000000e-01
63 4.73465064747553e+00 1.60719732651581e+00 3.23437500000000e-01
64 4.61939766255643e+00 1.91341716182545e+00 3.23437500000000e-01
65 4.48436370766344e+00 2.21144345109501e+00 3.23437500000000e-01
66 4.33012701892219e+00 2.50000000000000e+00 3.23437500000000e-01
67 4.15734806151273e+00 2.77785116509801e+00 3.23437500000000e-01
68 3.96676670145618e+00 3.04380714504360e+00 3.23437500000000e-01
69 3.75919903739489e+00 3.29672907550034e+00 3.23437500000000e-01
70 3.53553390593274e+00 3.53553390593274e+00 3.23437500000000e-01
71 3.29672907550034e+00 3.75919903739489e+00 3.23437500000000e-01
72 3.04380714504360e+00 3.96676670145617e+00 3.23437500000000e-01
73 2.77785116509801e+00 4.15734806151272e+00 3.23437500000000e-01
74 2.50000000000000e+00 4.33012701892219e+00 3.23437500000000e-01
75 2.21144345109501e+00 4.48436370766344e+00 3.23437500000000e-01
76 1.91341716182545e+00 4.61939766255643e+00 3.23437500000000e-01
77 1.60719732651581e+00 4.73465064747553e+00 3.23437500000000e-01
78 1.29409522551260e+00 4.82962913144534e+00 3.23437500000000e-01
79 9.75451610080641e-01 4.90392640201615e+00 3.23437500000000e-01
80 6.52630961100258e-01 4.95722430686905e+00 3.23437500000000e-01
81 3.27015646150715e-01 4.98929461619302e+00 3.23437500000000e-01
82 1.11022302462516e-16 5.00000000000000e+00 3.23437500000000e-01
83 4.98929461619302e+00 3.27015646150715e-01 6.46875000000000e-01
84 4.95722430686905e+00 6.52630961100258e-01 6.46875000000000e-01
85 4.90392640201615e+00 9.75451610080641e-01 6.46875000000000e-01
86 4.82962913144534e+00 1.29409522551260e+00 6.46875000000000e-01
87 4.73465064747553e+00 1.60719732651581e+00 6.46875000000000e-01
88 4.61939766255643e+00 1.91341716182545e+00 6.46875000000000e-01
89 4.48436370766344e+00 2.21144345109501e+00 6.46875000000000e-01
90 4.33012701892219e+00 2.50000000000000e+00 6.46875000000000e-01
91 4.15734806151273e+00 2.77785116509801e+00 6.46875000000000e-01
92 3.96676670145618e+00 3.04380714504360e+00 6.46875000000000e-01
93 3.75919903739489e+00 3.29672907550034e+00 6.46875000000000e-01
94 3.53553390593274e+00 3.53553390593274e+00 6.46875000000000e-01
95 3.29672907550034e+00 3.75919903739489e+00 6.46875000000000e-01
96 3.04380714504360e+00 3.96676670145617e+00 6.46875000000000e-01
97 2.77785116509801e+00 4.15734806151272e+00 6.46875000000000e-01
98 2.50000000000000e+00 4.33012701892219e+00 6.46875000000000e-01
99 2.21144345109501e+00 4.48436370766344e+00 6.46875000000000e-01
100 1.91341716182545e+00 4.61939766255643e+00 6.46875000000000e-01
101 1.60719732651581e+00 4.73465064747553e+00 6.46875000000000e-01
102 1.29409522551260e+00 4.82962913144534e+00 6.46875000000000e-01
103 9.75451610080641e-01 4.90392640201615e+00 6.46875000000000e-01
104 6.52630961100258e-01 4.95722430686905e+00 6.46875000000000e-01
105 3.27015646150715e-01 4.98929461619302e+00 6.46875000000000e-01
106 1.11022302462516e-16 5.00000000000000e+00 6.46875000000000e-01
107 4.98929461619302e+00 3.27015646150715e-01 9.70312500000000e-01
108 4.95722430686905e+00 6.52630961100258e-01 9.70312500000000e-01
109 4.90392640201615e+00 9.75451610080641e-01 9.70312500000000e-01
110 4.82962913144534e+00 1.29409522551260e+00 9.70312500000000e-01
111 4.73465064747553e+00 1.60719732651581e+00 9.70312500000000e-01
112 4.61939766255643e+00 1.91341716182545e+00 9.70312500000000e-01
113 4.48436370766344e+00 2.21144345109501e+00 9.70312500000000e-01
114 4.33012701892219e+00 2.50000000000000e+00 9.70312500000000e-01
115 4.15734806151273e+00 2.77785116509801e+00 9.70312500000000e-01
116 3.96676670145618e+00 3.04380714504360e+00 9.70312500000000e-01
117 3.75919903739489e+00 3.29672907550034e+00 9.70312500000000e-01
118 3.53553390593274e+00 3.53553390593274e+00 9.70312500000000e-01
119 3.29672907550034e+00 3.75919903739489e+00 9.70312500000000e-01
120 3.04380714504360e+00 3.96676670145617e+00 9.70312500000000e-01
