
function [XYZ,C]=poutredist()

    XYZ=[                         0                         0                         0
         0.833333333333333                         0                         0
          1.66666666666667                         0                         0
                       2.5                         0                         0
          3.33333333333333                         0                         0
                      3.75                         0                         0
          4.16666666666667                         0                         0
          4.58333333333333                         0                         0
                         5                         0                         0
          5.41666666666667                         0                         0
          5.83333333333333                         0                         0
                      6.25                         0                         0
          6.66666666666667                         0                         0
                       7.5                         0                         0
          8.33333333333333                         0                         0
          9.16666666666667                         0                         0
                        10                         0                         0
                        10                         1                         0
          9.58333333333333                         1                         0
          9.16666666666667                         1                         0
                      8.75                         1                         0
          8.33333333333333                         1                         0
                       7.5                         1                         0
          6.66666666666667                         1                         0
          5.83333333333333                         1                         0
                         5                         1                         0
          4.16666666666667                         1                         0
          3.33333333333333                         1                         0
                       2.5                         1                         0
          1.66666666666667                         1                         0
                      1.25                         1                         0
         0.833333333333333                         1                         0
         0.416666666666667                         1                         0
                         0                         1                         0
                         0                         0                       0.1
         0.833333333333333                         0                       0.1
          1.66666666666667                         0                       0.1
                       2.5                         0                       0.1
          3.33333333333333                         0                       0.1
                      3.75                         0                       0.1
          4.16666666666667                         0                       0.1
          4.58333333333333                         0                       0.1
                         5                         0                       0.1
          5.41666666666667                         0                       0.1
          5.83333333333333                         0                       0.1
                      6.25                         0                       0.1
          6.66666666666667                         0                       0.1
                       7.5                         0                       0.1
          8.33333333333333                         0                       0.1
          9.16666666666667                         0                       0.1
                        10                         0                       0.1
                        10                         1                       0.1
          9.58333333333333                         1                       0.1
          9.16666666666667                         1                       0.1
                      8.75                         1                       0.1
          8.33333333333333                         1                       0.1
                       7.5                         1                       0.1
          6.66666666666667                         1                       0.1
          5.83333333333333                         1                       0.1
                         5                         1                       0.1
          4.16666666666667                         1                       0.1
          3.33333333333333                         1                       0.1
                       2.5                         1                       0.1
          1.66666666666667                         1                       0.1
                      1.25                         1                       0.1
         0.833333333333333                         1                       0.1
         0.416666666666667                         1                       0.1
                         0                         1                       0.1];
                     
                     
                     
C=[  1     2    33    34    35    36    67    68
     2     3    32    33    36    37    66    67
     3     4    31    32    37    38    65    66
     4     5    30    31    38    39    64    65
     5     6    29    30    39    40    63    64
     6     7    28    29    40    41    62    63
     7     8    27    28    41    42    61    62
     8     9    26    27    42    43    60    61
     9    10    25    26    43    44    59    60
    10    11    24    25    44    45    58    59
    11    12    23    24    45    46    57    58
    12    13    22    23    46    47    56    57
    13    14    21    22    47    48    55    56
    14    15    20    21    48    49    54    55
    15    16    19    20    49    50    53    54
    16    17    18    19    50    51    52    53];