function [XYZ,LE]=tubedistgeom()

XYZ=[
1 0.00000000000000e+00 0.00000000000000e+00 0.00000000000000e+00
2 8.33333333333333e-01 0.00000000000000e+00 0.00000000000000e+00
3 1.66666666666667e+00 0.00000000000000e+00 0.00000000000000e+00
4 8.33333333333333e-01 1.00000000000000e+00 0.00000000000000e+00
5 4.16666666666667e-01 1.00000000000000e+00 0.00000000000000e+00
6 0.00000000000000e+00 1.00000000000000e+00 0.00000000000000e+00
7 0.00000000000000e+00 0.00000000000000e+00 1.00000000000000e-01
8 8.33333333333333e-01 0.00000000000000e+00 1.00000000000000e-01
9 1.66666666666667e+00 0.00000000000000e+00 1.00000000000000e-01
10 8.33333333333333e-01 1.00000000000000e+00 1.00000000000000e-01
11 4.16666666666667e-01 1.00000000000000e+00 1.00000000000000e-01
12 0.00000000000000e+00 1.00000000000000e+00 1.00000000000000e-01];

XYZ=XYZ(:,2:4);
LE=[1 2 5 6 7 8 11 12 
    2 3 4 5 8 9 10 11]; 